Integar Squared Cubed  Square Root
     50    2500 125000        7.07
     51    2601 132651        7.14
     52    2704 140608        7.21
     53    2809 148877        7.28
     54    2916 157464        7.35
     55    3025 166375        7.42
     56    3136 175616        7.48
     57    3249 185193        7.55
     58    3364 195112        7.62
     59    3481 205379        7.68
     60    3600 216000        7.75
     61    3721 226981        7.81
     62    3844 238328        7.87
     63    3969 250047        7.94
     64    4096 262144        8.00
     65    4225 274625        8.06
     66    4356 287496        8.12
     67    4489 300763        8.19
     68    4624 314432        8.25
     69    4761 328509        8.31
     70    4900 343000        8.37
     71    5041 357911        8.43
     72    5184 373248        8.49
     73    5329 389017        8.54
     74    5476 405224        8.60
     75    5625 421875        8.66
   1625  103025 524900      205.18
